avg_pool_3x3_count:
  normal: 0.2111111111111111
  reduce: 0.13777777777777778
transform_count:
  normal:
    avg_pool_3x3: 0.10526315789473684
    conv_1x1: 0.0
    conv_3x3: 0.2
    conv_5x5: 0.17894736842105263
    max_pool_3x3: 0.0
    'null': 0.0
    sep_conv_3x3: 0.20526315789473684
    sep_conv_5x5: 0.3105263157894737
    skip_connect: 0.0
  reduce:
    avg_pool_3x3: 0.1693548387096774
    conv_1x1: 0.0
    conv_3x3: 0.16129032258064516
    conv_5x5: 0.18548387096774194
    max_pool_3x3: 0.0
    'null': 0.0
    sep_conv_3x3: 0.28225806451612906
    sep_conv_5x5: 0.20161290322580644
    skip_connect: 0.0
