avg_pool_3x3_count:
  normal: 0.09444444444444444
  reduce: 0.06111111111111111
transform_count:
  normal:
    avg_pool_3x3: 0.5294117647058824
    conv_1x1: 0.0
    conv_3x3: 0.17647058823529413
    conv_5x5: 0.17647058823529413
    max_pool_3x3: 0.0
    'null': 0.0
    sep_conv_3x3: 0.058823529411764705
    sep_conv_5x5: 0.058823529411764705
    skip_connect: 0.0
  reduce:
    avg_pool_3x3: 0.18181818181818182
    conv_1x1: 0.0
    conv_3x3: 0.36363636363636365
    conv_5x5: 0.09090909090909091
    max_pool_3x3: 0.0
    'null': 0.0
    sep_conv_3x3: 0.09090909090909091
    sep_conv_5x5: 0.2727272727272727
    skip_connect: 0.0
