avg_pool_3x3_count:
  normal: 0.2088888888888889
  reduce: 0.14
transform_count:
  normal:
    avg_pool_3x3: 0.0851063829787234
    conv_1x1: 0.0
    conv_3x3: 0.14893617021276595
    conv_5x5: 0.22340425531914893
    max_pool_3x3: 0.0
    'null': 0.0
    sep_conv_3x3: 0.2127659574468085
    sep_conv_5x5: 0.32978723404255317
    skip_connect: 0.0
  reduce:
    avg_pool_3x3: 0.14285714285714285
    conv_1x1: 0.0
    conv_3x3: 0.19047619047619047
    conv_5x5: 0.19047619047619047
    max_pool_3x3: 0.0
    'null': 0.0
    sep_conv_3x3: 0.2857142857142857
    sep_conv_5x5: 0.19047619047619047
    skip_connect: 0.0
