avg_pool_3x3_count:
  normal: 0.08688888888888889
  reduce: 0.09822222222222222
transform_count:
  normal:
    avg_pool_3x3: 0.3145780051150895
    conv_1x1: 0.0
    conv_3x3: 0.23529411764705882
    conv_5x5: 0.19948849104859334
    max_pool_3x3: 0.0
    'null': 0.0
    sep_conv_3x3: 0.09718670076726342
    sep_conv_5x5: 0.1534526854219949
    skip_connect: 0.0
  reduce:
    avg_pool_3x3: 0.24660633484162897
    conv_1x1: 0.0
    conv_3x3: 0.21040723981900453
    conv_5x5: 0.1832579185520362
    max_pool_3x3: 0.0
    'null': 0.0
    sep_conv_3x3: 0.1583710407239819
    sep_conv_5x5: 0.20135746606334842
    skip_connect: 0.0
