conv_1x1_count:
  normal: 0.10666666666666667
  reduce: 0.10666666666666667
transform_count:
  normal:
    avg_pool_3x3: 0.0
    conv_1x1: 0.3541666666666667
    conv_3x3: 0.3125
    conv_5x5: 0.3333333333333333
    max_pool_3x3: 0.0
    'null': 0.0
    sep_conv_3x3: 0.0
    sep_conv_5x5: 0.0
    skip_connect: 0.0
  reduce:
    avg_pool_3x3: 0.0
    conv_1x1: 0.3229166666666667
    conv_3x3: 0.2916666666666667
    conv_5x5: 0.3854166666666667
    max_pool_3x3: 0.0
    'null': 0.0
    sep_conv_3x3: 0.0
    sep_conv_5x5: 0.0
    skip_connect: 0.0
