conv_3x3_count:
  normal: 0.1101010101010101
  reduce: 0.11944444444444445
transform_count:
  normal:
    avg_pool_3x3: 0.0
    conv_1x1: 0.0
    conv_3x3: 0.5206422018348624
    conv_5x5: 0.4793577981651376
    max_pool_3x3: 0.0
    'null': 0.0
    sep_conv_3x3: 0.0
    sep_conv_5x5: 0.0
    skip_connect: 0.0
  reduce:
    avg_pool_3x3: 0.0
    conv_1x1: 0.0
    conv_3x3: 0.5216701902748414
    conv_5x5: 0.47832980972515854
    max_pool_3x3: 0.0
    'null': 0.0
    sep_conv_3x3: 0.0
    sep_conv_5x5: 0.0
    skip_connect: 0.0
