conv_5x5_count:
  normal: 0.07333333333333333
  reduce: 0.11777777777777777
transform_count:
  normal:
    avg_pool_3x3: 0.0
    conv_1x1: 0.0
    conv_3x3: 0.0
    conv_5x5: 1.0
    max_pool_3x3: 0.0
    'null': 0.0
    sep_conv_3x3: 0.0
    sep_conv_5x5: 0.0
    skip_connect: 0.0
  reduce:
    avg_pool_3x3: 0.0
    conv_1x1: 0.0
    conv_3x3: 0.0
    conv_5x5: 1.0
    max_pool_3x3: 0.0
    'null': 0.0
    sep_conv_3x3: 0.0
    sep_conv_5x5: 0.0
    skip_connect: 0.0
