conv_5x5_count:
  normal: 0.12111111111111111
  reduce: 0.08333333333333333
transform_count:
  normal:
    avg_pool_3x3: 0.0
    conv_1x1: 0.0
    conv_3x3: 0.0
    conv_5x5: 1.0
    max_pool_3x3: 0.0
    'null': 0.0
    sep_conv_3x3: 0.0
    sep_conv_5x5: 0.0
    skip_connect: 0.0
  reduce:
    avg_pool_3x3: 0.0
    conv_1x1: 0.0
    conv_3x3: 0.0
    conv_5x5: 1.0
    max_pool_3x3: 0.0
    'null': 0.0
    sep_conv_3x3: 0.0
    sep_conv_5x5: 0.0
    skip_connect: 0.0
