sep_conv_3x3_count:
  normal: 0.11868686868686869
  reduce: 0.1095959595959596
transform_count:
  normal:
    avg_pool_3x3: 0.0
    conv_1x1: 0.0
    conv_3x3: 0.0
    conv_5x5: 0.0
    max_pool_3x3: 0.0
    'null': 0.0
    sep_conv_3x3: 0.49840425531914895
    sep_conv_5x5: 0.5015957446808511
    skip_connect: 0.0
  reduce:
    avg_pool_3x3: 0.0
    conv_1x1: 0.0
    conv_3x3: 0.0
    conv_5x5: 0.0
    max_pool_3x3: 0.0
    'null': 0.0
    sep_conv_3x3: 0.5
    sep_conv_5x5: 0.5
    skip_connect: 0.0
