skip_connect_count:
  normal: 0.11944444444444445
  reduce: 0.12777777777777777
transform_count:
  normal:
    avg_pool_3x3: 0.0
    conv_1x1: 0.19069767441860466
    conv_3x3: 0.13023255813953488
    conv_5x5: 0.13023255813953488
    max_pool_3x3: 0.0
    'null': 0.0
    sep_conv_3x3: 0.21395348837209302
    sep_conv_5x5: 0.2
    skip_connect: 0.13488372093023257
  reduce:
    avg_pool_3x3: 0.0
    conv_1x1: 0.12173913043478261
    conv_3x3: 0.1565217391304348
    conv_5x5: 0.17391304347826086
    max_pool_3x3: 0.0
    'null': 0.0
    sep_conv_3x3: 0.16956521739130434
    sep_conv_5x5: 0.18695652173913044
    skip_connect: 0.19130434782608696
