skip_connect_count:
  normal: 0.1
  reduce: 0.09844444444444445
transform_count:
  normal:
    avg_pool_3x3: 0.0
    conv_1x1: 0.22
    conv_3x3: 0.18888888888888888
    conv_5x5: 0.19111111111111112
    max_pool_3x3: 0.0
    'null': 0.0
    sep_conv_3x3: 0.06666666666666667
    sep_conv_5x5: 0.11777777777777777
    skip_connect: 0.21555555555555556
  reduce:
    avg_pool_3x3: 0.0
    conv_1x1: 0.13544018058690746
    conv_3x3: 0.16252821670428894
    conv_5x5: 0.11060948081264109
    max_pool_3x3: 0.0
    'null': 0.0
    sep_conv_3x3: 0.18058690744920994
    sep_conv_5x5: 0.21896162528216703
    skip_connect: 0.19187358916478556
