skip_connect_count:
  normal: 0.14444444444444443
  reduce: 0.08333333333333333
transform_count:
  normal:
    avg_pool_3x3: 0.0
    conv_1x1: 0.23076923076923078
    conv_3x3: 0.15384615384615385
    conv_5x5: 0.11538461538461539
    max_pool_3x3: 0.0
    'null': 0.0
    sep_conv_3x3: 0.3076923076923077
    sep_conv_5x5: 0.11538461538461539
    skip_connect: 0.07692307692307693
  reduce:
    avg_pool_3x3: 0.0
    conv_1x1: 0.26666666666666666
    conv_3x3: 0.06666666666666667
    conv_5x5: 0.2
    max_pool_3x3: 0.0
    'null': 0.0
    sep_conv_3x3: 0.06666666666666667
    sep_conv_5x5: 0.26666666666666666
    skip_connect: 0.13333333333333333
