skip_connect_count:
  normal: 0.08888888888888889
  reduce: 0.09333333333333334
transform_count:
  normal:
    avg_pool_3x3: 0.0
    conv_1x1: 0.1625
    conv_3x3: 0.2125
    conv_5x5: 0.2125
    max_pool_3x3: 0.0
    'null': 0.0
    sep_conv_3x3: 0.025
    sep_conv_5x5: 0.1125
    skip_connect: 0.275
  reduce:
    avg_pool_3x3: 0.0
    conv_1x1: 0.15476190476190477
    conv_3x3: 0.15476190476190477
    conv_5x5: 0.13095238095238096
    max_pool_3x3: 0.0
    'null': 0.0
    sep_conv_3x3: 0.21428571428571427
    sep_conv_5x5: 0.21428571428571427
    skip_connect: 0.13095238095238096
