skip_connect_count:
  normal: 0.1
  reduce: 0.09777777777777778
transform_count:
  normal:
    avg_pool_3x3: 0.0
    conv_1x1: 0.18333333333333332
    conv_3x3: 0.18888888888888888
    conv_5x5: 0.22777777777777777
    max_pool_3x3: 0.0
    'null': 0.0
    sep_conv_3x3: 0.022222222222222223
    sep_conv_5x5: 0.10555555555555556
    skip_connect: 0.2722222222222222
  reduce:
    avg_pool_3x3: 0.0
    conv_1x1: 0.14204545454545456
    conv_3x3: 0.19318181818181818
    conv_5x5: 0.09090909090909091
    max_pool_3x3: 0.0
    'null': 0.0
    sep_conv_3x3: 0.19886363636363635
    sep_conv_5x5: 0.21022727272727273
    skip_connect: 0.16477272727272727
